Digit,Runtime (seconds)
1,186.5283
2,178.4245
3,187.2774
4,191.0806
5,188.1933
6,186.8114
7,175.1359
8,141.4680
9,141.6328
10,142.3306
Average,171.8883
